2008-Sep-19
YYYY|MM|DD|MJD|ROLL|VIS|ROLL_TOL|PITCH|PITCH_TYPE
2009| 12|30|55195.84|293.11|0.75|10.04|94.92|EPHIN
2010| 01|01|55198.48|292.88|0.76|10.04|92.23|EPHIN
2010| 01|04|55201.13|292.64|0.75|10.04|89.55|EPHIN
2010| 01|07|55203.77|292.41|0.75|10.04|86.86|EPHIN
2010| 01|09|55206.42|292.17|0.76|11.75|84.18|EPHIN
2010| 01|12|55209.06|291.94|0.75|11.75|81.49|EPHIN
2010| 01|15|55211.71|291.70|0.76|12.89|78.81|EPHIN
2010| 01|17|55214.35|291.45|0.76|12.89|76.12|EPHIN
2010| 01|20|55217.00|291.20|0.76|13.66|73.44|EPHIN
2010| 01|23|55219.64|290.94|0.76|13.66|70.76|EPHIN
2010| 01|25|55222.29|290.67|0.76|12.89|68.08|EPHIN
2010| 01|28|55224.93|290.40|0.76|12.89|65.41|EPHIN
2010| 01|31|55227.58|290.11|0.76|11.75|62.73|EPHIN
2010| 02|02|55230.22|289.81|0.76|11.75|60.07|EPHIN
2010| 02|05|55232.86|289.49|0.76|10.04|57.40|Good
2010| 02|08|55235.51|289.15|0.76|7.14|54.73|PSMC
2010| 02|10|55238.15|288.79|0.76|7.14|52.07|PSMC
2010| 02|13|55240.80|288.40|0.76|6.27|49.41|PSMC
2010| 02|15|55243.44|287.98|0.76|2.05|46.76|PSMC
2010| 02|18|55246.09|287.52|0.00|0.00|44.11|Forbidden
2010| 02|21|55248.73|287.02|0.00|0.00|41.47|Forbidden
2010| 02|23|55251.38|286.46|0.00|0.00|38.83|Forbidden
2010| 02|26|55254.02|285.84|0.00|0.00|36.20|Forbidden
2010| 03|01|55256.67|285.13|0.00|0.00|33.57|Forbidden
2010| 03|03|55259.31|284.32|0.00|0.00|30.96|Forbidden
2010| 03|06|55261.96|283.38|0.00|0.00|28.35|Forbidden
2010| 03|09|55264.60|282.26|0.00|0.00|25.75|Forbidden
2010| 03|11|55267.25|280.92|0.00|0.00|23.17|Forbidden
2010| 03|14|55269.89|279.26|0.00|0.00|20.60|Forbidden
2010| 03|17|55272.54|277.16|0.00|0.00|18.06|Forbidden
2010| 03|19|55275.18|274.41|0.00|0.00|15.55|Forbidden
2010| 03|22|55277.82|270.66|0.00|0.00|13.10|Forbidden
2010| 03|24|55280.47|265.24|0.00|0.00|10.72|Forbidden
2010| 03|27|55283.11|256.94|0.00|0.00|8.49|Forbidden
2010| 03|30|55285.75|243.36|0.00|0.00|6.56|Forbidden
2010| 04|01|55288.40|221.12|0.00|0.00|5.25|Forbidden
2010| 04|04|55291.04|191.92|0.00|0.00|5.07|Forbidden
2010| 04|07|55293.69|167.17|0.00|0.00|6.12|Forbidden
2010| 04|09|55296.33|151.58|0.00|0.00|7.91|Forbidden
2010| 04|12|55298.98|142.15|0.00|0.00|10.06|Forbidden
2010| 04|15|55301.62|136.13|0.00|0.00|12.37|Forbidden
2010| 04|17|55304.26|132.01|0.00|0.00|14.77|Forbidden
2010| 04|20|55306.91|129.04|0.00|0.00|17.22|Forbidden
2010| 04|23|55309.55|126.79|0.00|0.00|19.70|Forbidden
2010| 04|25|55312.20|125.03|0.00|0.00|22.19|Forbidden
2010| 04|28|55314.84|123.62|0.00|0.00|24.70|Forbidden
2010| 04|30|55317.48|122.45|0.00|0.00|27.22|Forbidden
2010| 05|03|55320.13|121.47|0.00|0.00|29.74|Forbidden
2010| 05|06|55322.77|120.63|0.00|0.00|32.27|Forbidden
2010| 05|08|55325.42|119.90|0.00|0.00|34.80|Forbidden
2010| 05|11|55328.06|119.26|0.00|0.00|37.32|Forbidden
2010| 05|14|55330.71|118.68|0.00|0.00|39.85|Forbidden
2010| 05|16|55333.35|118.17|0.00|0.00|42.38|Forbidden
2010| 05|19|55335.99|117.71|0.00|0.00|44.90|Forbidden
2010| 05|22|55338.64|117.28|0.30|3.94|47.43|PSMC
2010| 05|24|55341.28|116.89|0.76|6.73|49.95|PSMC
2010| 05|27|55343.93|116.53|0.76|7.14|52.48|PSMC
2010| 05|30|55346.57|116.19|0.76|7.14|55.00|PSMC
2010| 06|01|55349.22|115.87|0.76|10.04|57.52|Good
2010| 06|04|55351.86|115.57|0.76|11.75|60.04|EPHIN
2010| 06|07|55354.51|115.28|0.76|11.75|62.56|EPHIN
2010| 06|09|55357.15|115.01|0.76|12.89|65.08|EPHIN
2010| 06|12|55359.79|114.75|0.76|12.89|67.59|EPHIN
2010| 06|14|55362.44|114.49|0.76|13.66|70.11|EPHIN
2010| 06|17|55365.08|114.25|0.76|13.66|72.62|EPHIN
2010| 06|20|55367.73|114.01|0.76|12.89|75.13|EPHIN
2010| 06|22|55370.37|113.78|0.76|12.89|77.65|EPHIN
2010| 06|25|55373.02|113.55|0.76|11.75|80.16|EPHIN
2010| 06|28|55375.66|113.33|0.76|11.75|82.67|EPHIN
2010| 06|30|55378.31|113.11|0.76|10.04|85.19|EPHIN
2010| 07|03|55380.95|112.89|0.76|10.04|87.70|EPHIN
2010| 07|06|55383.60|112.67|0.76|10.04|90.21|EPHIN
2010| 07|08|55386.24|112.45|0.76|10.04|92.72|EPHIN
2010| 07|11|55388.88|112.23|0.76|10.04|95.23|EPHIN
2010| 07|14|55391.53|112.00|0.76|10.04|97.75|EPHIN
2010| 07|16|55394.17|111.78|0.77|10.04|100.26|EPHIN
2010| 07|19|55396.82|111.55|0.77|10.04|102.77|EPHIN
2010| 07|21|55399.46|111.32|0.76|10.04|105.29|EPHIN
2010| 07|24|55402.11|111.08|0.77|10.04|107.80|EPHIN
2010| 07|27|55404.75|110.83|0.77|10.04|110.32|EPHIN
2010| 07|29|55407.40|110.58|0.77|10.04|112.84|EPHIN
2010| 08|01|55410.04|110.31|0.77|10.04|115.36|EPHIN
2010| 08|04|55412.69|110.04|0.77|10.04|117.88|EPHIN
2010| 08|06|55415.33|109.75|0.77|10.04|120.40|EPHIN
2010| 08|09|55417.98|109.45|0.77|9.60|122.92|EPHIN
2010| 08|12|55420.62|109.12|0.77|9.60|125.44|EPHIN
2010| 08|14|55423.27|108.78|0.77|8.50|127.96|EPHIN
2010| 08|17|55425.91|108.41|0.77|8.50|130.49|EPHIN
2010| 08|20|55428.56|108.02|0.77|7.78|133.02|EPHIN
2010| 08|22|55431.20|107.58|0.77|7.78|135.55|Good
2010| 08|25|55433.85|107.11|0.77|7.33|138.08|Good
2010| 08|27|55436.49|106.59|0.77|7.78|140.61|Good
2010| 08|30|55439.14|106.00|0.77|7.78|143.13|Good
2010| 09|02|55441.78|105.35|0.77|8.70|145.66|Good
2010| 09|04|55444.42|104.60|0.77|8.70|148.19|Good
2010| 09|07|55447.07|103.73|0.77|9.98|150.72|Good
2010| 09|10|55449.71|102.72|0.77|11.02|153.24|Good
2010| 09|12|55452.36|101.51|0.77|11.02|155.76|Good
2010| 09|15|55455.00|100.04|0.77|12.79|158.27|PLINE
2010| 09|18|55457.65|98.19|0.77|14.63|160.78|PLINE
2010| 09|20|55460.29|95.83|0.77|17.15|163.25|PLINE
2010| 09|23|55462.94|92.67|0.77|17.15|165.70|PLINE
2010| 09|26|55465.58|88.25|0.77|20.00|168.09|PLINE
2010| 09|28|55468.22|81.70|0.77|20.00|170.38|Forbidden
2010| 10|01|55470.87|71.31|0.77|20.00|172.48|Forbidden
2010| 10|04|55473.51|54.05|0.77|20.00|174.17|Forbidden
2010| 10|06|55476.16|27.59|0.77|20.00|175.00|Forbidden
2010| 10|09|55478.80|359.01|0.77|20.00|174.56|Forbidden
2010| 10|11|55481.44|338.69|0.77|20.00|173.09|Forbidden
2010| 10|14|55484.09|326.42|0.77|20.00|171.07|Forbidden
2010| 10|17|55486.73|318.83|0.77|20.00|168.80|PLINE
2010| 10|19|55489.38|313.83|0.77|20.00|166.40|PLINE
2010| 10|22|55492.02|310.32|0.77|17.15|163.93|PLINE
2010| 10|25|55494.67|307.72|0.77|14.63|161.41|PLINE
2010| 10|27|55497.31|305.73|0.77|12.79|158.87|PLINE
2010| 10|30|55499.95|304.15|0.77|11.02|156.29|PLINE
2010| 11|02|55502.60|302.86|0.77|11.02|153.71|Good
2010| 11|04|55505.24|301.78|0.77|9.98|151.11|Good
2010| 11|07|55507.88|300.87|0.77|8.70|148.49|Good
2010| 11|10|55510.53|300.08|0.77|8.70|145.87|Good
2010| 11|12|55513.17|299.39|0.77|7.78|143.24|Good
2010| 11|15|55515.82|298.78|0.77|7.78|140.60|Good
2010| 11|17|55518.46|298.24|0.77|7.33|137.96|Good
2010| 11|20|55521.11|297.75|0.77|7.78|135.32|Good
2010| 11|23|55523.75|297.30|0.77|7.78|132.66|EPHIN
2010| 11|25|55526.40|296.88|0.77|8.50|130.01|EPHIN
2010| 11|28|55529.04|296.50|0.77|8.50|127.35|EPHIN
2010| 12|01|55531.68|296.15|0.77|9.60|124.68|EPHIN
2010| 12|03|55534.33|295.81|0.77|9.60|122.02|EPHIN
2010| 12|06|55536.97|295.50|0.77|10.04|119.35|EPHIN
2010| 12|09|55539.62|295.20|0.77|10.04|116.67|EPHIN
2010| 12|11|55542.26|294.91|0.77|10.04|114.00|EPHIN
2010| 12|14|55544.91|294.64|0.77|10.04|111.32|EPHIN
2010| 12|17|55547.55|294.37|0.77|10.04|108.64|EPHIN
2010| 12|19|55550.20|294.11|0.77|10.04|105.96|EPHIN
2010| 12|22|55552.84|293.86|0.77|10.04|103.28|EPHIN
2010| 12|24|55555.49|293.62|0.77|10.04|100.60|EPHIN
2010| 12|27|55558.13|293.38|0.77|10.04|97.91|EPHIN
START BPITCH
55234.25|55243.44|PSMC
55338.64|55347.62|PSMC
55230.28|55234.25|Good
55347.62|55351.82|Good
55195.84|55230.28|EPHIN
55351.82|55430.63|EPHIN
55521.42|55558.13|EPHIN
55430.63|55452.61|Good
55500.25|55521.42|Good
55452.61|55467.78|PLINE
55485.34|55500.25|PLINE
55467.78|55485.34|Forbidden
END BPITCH
